OC

OC
\patte
FI
TR -1 0 -1
ID


OC
\patte
FI
TR -1 0 1
ID


OC
\patte
FI
TR 1 0 -1
ID


OC
\patte
FI
TR 1 0 1
ID


{// Plateforme}
OC
QD 2 2
-1.25 2 -1.25
1.25 2 -1.25
1.25 2 1.25
-1.25 2 1.25
ID

QD 2 2
-1.25 2.2 -1.25
-1.25 2.2 1.25
1.25 2.2 1.25
1.25 2.2 -1.25
ID

QD 1 1
-1.25 2 -1.25
-1.25 2 1.25
-1.25 2.2 1.25
-1.25 2.2 -1.25
ID
QD 1 1
-1.25 2 1.25
1.25 2 1.25
1.25 2.2 1.25
-1.25 2.2 1.25
ID
QD 1 1
1.25 2 1.25
1.25 2 -1.25
1.25 2.2 -1.25
1.25 2.2 1.25
ID
QD 1 1
1.25 2 -1.25
-1.25 2 -1.25
-1.25 2.2 -1.25
1.25 2.2 -1.25
ID
FI
{//TX BOIS FONCE 0.54 0.27 0.0742 PALE 0.59 0.40 0.20 RAYON 0.12 TURB 0.3 FTX}
ID

OC
QD 2 2
-1.25 2 -1.25
1.25 2 -1.25
1.25 2 1.25
-1.25 2 1.25
ID

QD 2 2
-1.25 2.2 -1.25
-1.25 2.2 1.25
1.25 2.2 1.25
1.25 2.2 -1.25
ID

QD 1 1
-1.25 2 -1.25
-1.25 2 1.25
-1.25 2.2 1.25
-1.25 2.2 -1.25
ID
QD 1 1
-1.25 2 1.25
1.25 2 1.25
1.25 2.2 1.25
-1.25 2.2 1.25
ID
QD 1 1
1.25 2 1.25
1.25 2 -1.25
1.25 2.2 -1.25
1.25 2.2 1.25
ID
QD 1 1
1.25 2 -1.25
-1.25 2 -1.25
-1.25 2.2 -1.25
1.25 2.2 -1.25
ID
FI
RT 1.25 2.1 1.15 1 0 0 1.85
{//TX BOIS FONCE 0.54 0.27 0.0742 PALE 0.59 0.40 0.20 RAYON 0.12 TURB 0.3 FTX}
ID

FI
CD 0.8 0.4 0
ID
