OC
OC
PG
  -3 -3 3
  -3 -2.5 3
  -2.5 -2.5 3
  -2.5 -3 3
  -3 -3 3
CD 0.8 0.8 0.8
ID
PG
  -3 -2.5 3
  -3 -2 3
  -2.5 -2 3
  -2.5 -2.5 3
  -3 -2.5 3
CD 0.8 0.8 0.8
ID
PG
  -3 -2 3
  -3 -1.5 3
  -2.5 -1.5 3
  -2.5 -2 3
  -3 -2 3
CD 0.8 0.8 0.8
ID
PG
  -3 -1.5 3
  -3 -1 3
  -2.5 -1 3
  -2.5 -1.5 3
  -3 -1.5 3
CD 0.8 0.8 0.8
ID
PG
  -3 -1 3
  -3 -0.5 3
  -2.5 -0.5 3
  -2.5 -1 3
  -3 -1 3
CD 0.8 0.8 0.8
ID
PG
  -3 -0.5 3
  -3 0 3
  -2.5 0 3
  -2.5 -0.5 3
  -3 -0.5 3
CD 0.8 0.8 0.8
ID
PG
  -3 0 3
  -3 0.5 3
  -2.5 0.5 3
  -2.5 0 3
  -3 0 3
CD 0.8 0.8 0.8
ID
PG
  -3 0.5 3
  -3 1 3
  -2.5 1 3
  -2.5 0.5 3
  -3 0.5 3
CD 0.8 0.8 0.8
ID
PG
  -3 1 3
  -3 1.5 3
  -2.5 1.5 3
  -2.5 1 3
  -3 1 3
CD 0.8 0.8 0.8
ID
PG
  -3 1.5 3
  -3 2 3
  -2.5 2 3
  -2.5 1.5 3
  -3 1.5 3
CD 0.8 0.8 0.8
ID
PG
  -3 2 3
  -3 2.5 3
  -2.5 2.5 3
  -2.5 2 3
  -3 2 3
CD 0.8 0.8 0.8
ID
PG
  -3 2.5 3
  -3 3 3
  -2.5 3 3
  -2.5 2.5 3
  -3 2.5 3
CD 0.8 0.8 0.8
ID
FI
ID
OC
PG
  -2.5 -3 3
  -2.5 -2.5 3
  -2 -2.5 3
  -2 -3 3
  -2.5 -3 3
CD 0.8 0.8 0.8
ID
PG
  -2.5 -2.5 3
  -2.5 -2 3
  -2 -2 3
  -2 -2.5 3
  -2.5 -2.5 3
CD 0.8 0.8 0.8
ID
PG
  -2.5 -2 3
  -2.5 -1.5 3
  -2 -1.5 3
  -2 -2 3
  -2.5 -2 3
CD 0.8 0.8 0.8
ID
PG
  -2.5 -1.5 3
  -2.5 -1 3
  -2 -1 3
  -2 -1.5 3
  -2.5 -1.5 3
CD 0.8 0.8 0.8
ID
PG
  -2.5 -1 3
  -2.5 -0.5 3
  -2 -0.5 3
  -2 -1 3
  -2.5 -1 3
CD 0.8 0.8 0.8
ID
PG
  -2.5 -0.5 3
  -2.5 0 3
  -2 0 3
  -2 -0.5 3
  -2.5 -0.5 3
CD 0.8 0.8 0.8
ID
PG
  -2.5 0 3
  -2.5 0.5 3
  -2 0.5 3
  -2 0 3
  -2.5 0 3
CD 0.8 0.8 0.8
ID
PG
  -2.5 0.5 3
  -2.5 1 3
  -2 1 3
  -2 0.5 3
  -2.5 0.5 3
CD 0.8 0.8 0.8
ID
PG
  -2.5 1 3
  -2.5 1.5 3
  -2 1.5 3
  -2 1 3
  -2.5 1 3
CD 0.8 0.8 0.8
ID
PG
  -2.5 1.5 3
  -2.5 2 3
  -2 2 3
  -2 1.5 3
  -2.5 1.5 3
CD 0.8 0.8 0.8
ID
PG
  -2.5 2 3
  -2.5 2.5 3
  -2 2.5 3
  -2 2 3
  -2.5 2 3
CD 0.8 0.8 0.8
ID
PG
  -2.5 2.5 3
  -2.5 3 3
  -2 3 3
  -2 2.5 3
  -2.5 2.5 3
CD 0.8 0.8 0.8
ID
FI
ID
OC
PG
  -2 -3 3
  -2 -2.5 3
  -1.5 -2.5 3
  -1.5 -3 3
  -2 -3 3
CD 0.8 0.8 0.8
ID
PG
  -2 -2.5 3
  -2 -2 3
  -1.5 -2 3
  -1.5 -2.5 3
  -2 -2.5 3
CD 0.8 0.8 0.8
ID
PG
  -2 -2 3
  -2 -1.5 3
  -1.5 -1.5 3
  -1.5 -2 3
  -2 -2 3
CD 0.8 0.8 0.8
ID
PG
  -2 -1.5 3
  -2 -1 3
  -1.5 -1 3
  -1.5 -1.5 3
  -2 -1.5 3
CD 0.8 0.8 0.8
ID
PG
  -2 -1 3
  -2 -0.5 3
  -1.5 -0.5 3
  -1.5 -1 3
  -2 -1 3
CD 0.8 0.8 0.8
ID
PG
  -2 -0.5 3
  -2 0 3
  -1.5 0 3
  -1.5 -0.5 3
  -2 -0.5 3
CD 0.8 0.8 0.8
ID
PG
  -2 0 3
  -2 0.5 3
  -1.5 0.5 3
  -1.5 0 3
  -2 0 3
CD 0.8 0.8 0.8
ID
PG
  -2 0.5 3
  -2 1 3
  -1.5 1 3
  -1.5 0.5 3
  -2 0.5 3
CD 0.8 0.8 0.8
ID
PG
  -2 1 3
  -2 1.5 3
  -1.5 1.5 3
  -1.5 1 3
  -2 1 3
CD 0.8 0.8 0.8
ID
PG
  -2 1.5 3
  -2 2 3
  -1.5 2 3
  -1.5 1.5 3
  -2 1.5 3
CD 0.8 0.8 0.8
ID
PG
  -2 2 3
  -2 2.5 3
  -1.5 2.5 3
  -1.5 2 3
  -2 2 3
CD 0.8 0.8 0.8
ID
PG
  -2 2.5 3
  -2 3 3
  -1.5 3 3
  -1.5 2.5 3
  -2 2.5 3
CD 0.8 0.8 0.8
ID
FI
ID
OC
PG
  -1.5 -3 3
  -1.5 -2.5 3
  -1 -2.5 3
  -1 -3 3
  -1.5 -3 3
CD 0.8 0.8 0.8
ID
PG
  -1.5 -2.5 3
  -1.5 -2 3
  -1 -2 3
  -1 -2.5 3
  -1.5 -2.5 3
CD 0.8 0.8 0.8
ID
PG
  -1.5 -2 3
  -1.5 -1.5 3
  -1 -1.5 3
  -1 -2 3
  -1.5 -2 3
CD 0.8 0.8 0.8
ID
PG
  -1.5 -1.5 3
  -1.5 -1 3
  -1 -1 3
  -1 -1.5 3
  -1.5 -1.5 3
CD 0.8 0.8 0.8
ID
PG
  -1.5 -1 3
  -1.5 -0.5 3
  -1 -0.5 3
  -1 -1 3
  -1.5 -1 3
CD 0.8 0.8 0.8
ID
PG
  -1.5 -0.5 3
  -1.5 0 3
  -1 0 3
  -1 -0.5 3
  -1.5 -0.5 3
CD 0.8 0.8 0.8
ID
PG
  -1.5 0 3
  -1.5 0.5 3
  -1 0.5 3
  -1 0 3
  -1.5 0 3
CD 0.8 0.8 0.8
ID
PG
  -1.5 0.5 3
  -1.5 1 3
  -1 1 3
  -1 0.5 3
  -1.5 0.5 3
CD 0.8 0.8 0.8
ID
PG
  -1.5 1 3
  -1.5 1.5 3
  -1 1.5 3
  -1 1 3
  -1.5 1 3
CD 0.8 0.8 0.8
ID
PG
  -1.5 1.5 3
  -1.5 2 3
  -1 2 3
  -1 1.5 3
  -1.5 1.5 3
CD 0.8 0.8 0.8
ID
PG
  -1.5 2 3
  -1.5 2.5 3
  -1 2.5 3
  -1 2 3
  -1.5 2 3
CD 0.8 0.8 0.8
ID
PG
  -1.5 2.5 3
  -1.5 3 3
  -1 3 3
  -1 2.5 3
  -1.5 2.5 3
CD 0.8 0.8 0.8
ID
FI
ID
OC
PG
  -1 -3 3
  -1 -2.5 3
  -0.5 -2.5 3
  -0.5 -3 3
  -1 -3 3
CD 0.8 0.8 0.8
ID
PG
  -1 -2.5 3
  -1 -2 3
  -0.5 -2 3
  -0.5 -2.5 3
  -1 -2.5 3
CD 0.8 0.8 0.8
ID
PG
  -1 -2 3
  -1 -1.5 3
  -0.5 -1.5 3
  -0.5 -2 3
  -1 -2 3
CD 0.8 0.8 0.8
ID
PG
  -1 -1.5 3
  -1 -1 3
  -0.5 -1 3
  -0.5 -1.5 3
  -1 -1.5 3
CD 0.8 0.8 0.8
ID
PG
  -1 -1 3
  -1 -0.5 3
  -0.5 -0.5 3
  -0.5 -1 3
  -1 -1 3
CD 0.8 0.8 0.8
ID
PG
  -1 -0.5 3
  -1 0 3
  -0.5 0 3
  -0.5 -0.5 3
  -1 -0.5 3
CD 0.8 0.8 0.8
ID
PG
  -1 0 3
  -1 0.5 3
  -0.5 0.5 3
  -0.5 0 3
  -1 0 3
CD 0.8 0.8 0.8
ID
PG
  -1 0.5 3
  -1 1 3
  -0.5 1 3
  -0.5 0.5 3
  -1 0.5 3
CD 0.8 0.8 0.8
ID
PG
  -1 1 3
  -1 1.5 3
  -0.5 1.5 3
  -0.5 1 3
  -1 1 3
CD 0.8 0.8 0.8
ID
PG
  -1 1.5 3
  -1 2 3
  -0.5 2 3
  -0.5 1.5 3
  -1 1.5 3
CD 0.8 0.8 0.8
ID
PG
  -1 2 3
  -1 2.5 3
  -0.5 2.5 3
  -0.5 2 3
  -1 2 3
CD 0.8 0.8 0.8
ID
PG
  -1 2.5 3
  -1 3 3
  -0.5 3 3
  -0.5 2.5 3
  -1 2.5 3
CD 0.8 0.8 0.8
ID
FI
ID
OC
PG
  -0.5 -3 3
  -0.5 -2.5 3
  0 -2.5 3
  0 -3 3
  -0.5 -3 3
CD 0.8 0.8 0.8
ID
PG
  -0.5 -2.5 3
  -0.5 -2 3
  0 -2 3
  0 -2.5 3
  -0.5 -2.5 3
CD 0.8 0.8 0.8
ID
PG
  -0.5 -2 3
  -0.5 -1.5 3
  0 -1.5 3
  0 -2 3
  -0.5 -2 3
CD 0.8 0.8 0.8
ID
PG
  -0.5 -1.5 3
  -0.5 -1 3
  0 -1 3
  0 -1.5 3
  -0.5 -1.5 3
CD 0.8 0.8 0.8
ID
PG
  -0.5 -1 3
  -0.5 -0.5 3
  0 -0.5 3
  0 -1 3
  -0.5 -1 3
CD 0.8 0.8 0.8
ID
PG
  -0.5 -0.5 3
  -0.5 0 3
  0 0 3
  0 -0.5 3
  -0.5 -0.5 3
CD 0.8 0.8 0.8
ID
PG
  -0.5 0 3
  -0.5 0.5 3
  0 0.5 3
  0 0 3
  -0.5 0 3
CD 0.8 0.8 0.8
ID
PG
  -0.5 0.5 3
  -0.5 1 3
  0 1 3
  0 0.5 3
  -0.5 0.5 3
CD 0.8 0.8 0.8
ID
PG
  -0.5 1 3
  -0.5 1.5 3
  0 1.5 3
  0 1 3
  -0.5 1 3
CD 0.8 0.8 0.8
ID
PG
  -0.5 1.5 3
  -0.5 2 3
  0 2 3
  0 1.5 3
  -0.5 1.5 3
CD 0.8 0.8 0.8
ID
PG
  -0.5 2 3
  -0.5 2.5 3
  0 2.5 3
  0 2 3
  -0.5 2 3
CD 0.8 0.8 0.8
ID
PG
  -0.5 2.5 3
  -0.5 3 3
  0 3 3
  0 2.5 3
  -0.5 2.5 3
CD 0.8 0.8 0.8
ID
FI
ID
OC
PG
  0 -3 3
  0 -2.5 3
  0.5 -2.5 3
  0.5 -3 3
  0 -3 3
CD 0.8 0.8 0.8
ID
PG
  0 -2.5 3
  0 -2 3
  0.5 -2 3
  0.5 -2.5 3
  0 -2.5 3
CD 0.8 0.8 0.8
ID
PG
  0 -2 3
  0 -1.5 3
  0.5 -1.5 3
  0.5 -2 3
  0 -2 3
CD 0.8 0.8 0.8
ID
PG
  0 -1.5 3
  0 -1 3
  0.5 -1 3
  0.5 -1.5 3
  0 -1.5 3
CD 0.8 0.8 0.8
ID
PG
  0 -1 3
  0 -0.5 3
  0.5 -0.5 3
  0.5 -1 3
  0 -1 3
CD 0.8 0.8 0.8
ID
PG
  0 -0.5 3
  0 0 3
  0.5 0 3
  0.5 -0.5 3
  0 -0.5 3
CD 0.8 0.8 0.8
ID
PG
  0 0 3
  0 0.5 3
  0.5 0.5 3
  0.5 0 3
  0 0 3
CD 0.8 0.8 0.8
ID
PG
  0 0.5 3
  0 1 3
  0.5 1 3
  0.5 0.5 3
  0 0.5 3
CD 0.8 0.8 0.8
ID
PG
  0 1 3
  0 1.5 3
  0.5 1.5 3
  0.5 1 3
  0 1 3
CD 0.8 0.8 0.8
ID
PG
  0 1.5 3
  0 2 3
  0.5 2 3
  0.5 1.5 3
  0 1.5 3
CD 0.8 0.8 0.8
ID
PG
  0 2 3
  0 2.5 3
  0.5 2.5 3
  0.5 2 3
  0 2 3
CD 0.8 0.8 0.8
ID
PG
  0 2.5 3
  0 3 3
  0.5 3 3
  0.5 2.5 3
  0 2.5 3
CD 0.8 0.8 0.8
ID
FI
ID
OC
PG
  0.5 -3 3
  0.5 -2.5 3
  1 -2.5 3
  1 -3 3
  0.5 -3 3
CD 0.8 0.8 0.8
ID
PG
  0.5 -2.5 3
  0.5 -2 3
  1 -2 3
  1 -2.5 3
  0.5 -2.5 3
CD 0.8 0.8 0.8
ID
PG
  0.5 -2 3
  0.5 -1.5 3
  1 -1.5 3
  1 -2 3
  0.5 -2 3
CD 0.8 0.8 0.8
ID
PG
  0.5 -1.5 3
  0.5 -1 3
  1 -1 3
  1 -1.5 3
  0.5 -1.5 3
CD 0.8 0.8 0.8
ID
PG
  0.5 -1 3
  0.5 -0.5 3
  1 -0.5 3
  1 -1 3
  0.5 -1 3
CD 0.8 0.8 0.8
ID
PG
  0.5 -0.5 3
  0.5 0 3
  1 0 3
  1 -0.5 3
  0.5 -0.5 3
CD 0.8 0.8 0.8
ID
PG
  0.5 0 3
  0.5 0.5 3
  1 0.5 3
  1 0 3
  0.5 0 3
CD 0.8 0.8 0.8
ID
PG
  0.5 0.5 3
  0.5 1 3
  1 1 3
  1 0.5 3
  0.5 0.5 3
CD 0.8 0.8 0.8
ID
PG
  0.5 1 3
  0.5 1.5 3
  1 1.5 3
  1 1 3
  0.5 1 3
CD 0.8 0.8 0.8
ID
PG
  0.5 1.5 3
  0.5 2 3
  1 2 3
  1 1.5 3
  0.5 1.5 3
CD 0.8 0.8 0.8
ID
PG
  0.5 2 3
  0.5 2.5 3
  1 2.5 3
  1 2 3
  0.5 2 3
CD 0.8 0.8 0.8
ID
PG
  0.5 2.5 3
  0.5 3 3
  1 3 3
  1 2.5 3
  0.5 2.5 3
CD 0.8 0.8 0.8
ID
FI
ID
OC
PG
  1 -3 3
  1 -2.5 3
  1.5 -2.5 3
  1.5 -3 3
  1 -3 3
CD 0.8 0.8 0.8
ID
PG
  1 -2.5 3
  1 -2 3
  1.5 -2 3
  1.5 -2.5 3
  1 -2.5 3
CD 0.8 0.8 0.8
ID
PG
  1 -2 3
  1 -1.5 3
  1.5 -1.5 3
  1.5 -2 3
  1 -2 3
CD 0.8 0.8 0.8
ID
PG
  1 -1.5 3
  1 -1 3
  1.5 -1 3
  1.5 -1.5 3
  1 -1.5 3
CD 0.8 0.8 0.8
ID
PG
  1 -1 3
  1 -0.5 3
  1.5 -0.5 3
  1.5 -1 3
  1 -1 3
CD 0.8 0.8 0.8
ID
PG
  1 -0.5 3
  1 0 3
  1.5 0 3
  1.5 -0.5 3
  1 -0.5 3
CD 0.8 0.8 0.8
ID
PG
  1 0 3
  1 0.5 3
  1.5 0.5 3
  1.5 0 3
  1 0 3
CD 0.8 0.8 0.8
ID
PG
  1 0.5 3
  1 1 3
  1.5 1 3
  1.5 0.5 3
  1 0.5 3
CD 0.8 0.8 0.8
ID
PG
  1 1 3
  1 1.5 3
  1.5 1.5 3
  1.5 1 3
  1 1 3
CD 0.8 0.8 0.8
ID
PG
  1 1.5 3
  1 2 3
  1.5 2 3
  1.5 1.5 3
  1 1.5 3
CD 0.8 0.8 0.8
ID
PG
  1 2 3
  1 2.5 3
  1.5 2.5 3
  1.5 2 3
  1 2 3
CD 0.8 0.8 0.8
ID
PG
  1 2.5 3
  1 3 3
  1.5 3 3
  1.5 2.5 3
  1 2.5 3
CD 0.8 0.8 0.8
ID
FI
ID
OC
PG
  1.5 -3 3
  1.5 -2.5 3
  2 -2.5 3
  2 -3 3
  1.5 -3 3
CD 0.8 0.8 0.8
ID
PG
  1.5 -2.5 3
  1.5 -2 3
  2 -2 3
  2 -2.5 3
  1.5 -2.5 3
CD 0.8 0.8 0.8
ID
PG
  1.5 -2 3
  1.5 -1.5 3
  2 -1.5 3
  2 -2 3
  1.5 -2 3
CD 0.8 0.8 0.8
ID
PG
  1.5 -1.5 3
  1.5 -1 3
  2 -1 3
  2 -1.5 3
  1.5 -1.5 3
CD 0.8 0.8 0.8
ID
PG
  1.5 -1 3
  1.5 -0.5 3
  2 -0.5 3
  2 -1 3
  1.5 -1 3
CD 0.8 0.8 0.8
ID
PG
  1.5 -0.5 3
  1.5 0 3
  2 0 3
  2 -0.5 3
  1.5 -0.5 3
CD 0.8 0.8 0.8
ID
PG
  1.5 0 3
  1.5 0.5 3
  2 0.5 3
  2 0 3
  1.5 0 3
CD 0.8 0.8 0.8
ID
PG
  1.5 0.5 3
  1.5 1 3
  2 1 3
  2 0.5 3
  1.5 0.5 3
CD 0.8 0.8 0.8
ID
PG
  1.5 1 3
  1.5 1.5 3
  2 1.5 3
  2 1 3
  1.5 1 3
CD 0.8 0.8 0.8
ID
PG
  1.5 1.5 3
  1.5 2 3
  2 2 3
  2 1.5 3
  1.5 1.5 3
CD 0.8 0.8 0.8
ID
PG
  1.5 2 3
  1.5 2.5 3
  2 2.5 3
  2 2 3
  1.5 2 3
CD 0.8 0.8 0.8
ID
PG
  1.5 2.5 3
  1.5 3 3
  2 3 3
  2 2.5 3
  1.5 2.5 3
CD 0.8 0.8 0.8
ID
FI
ID
OC
PG
  2 -3 3
  2 -2.5 3
  2.5 -2.5 3
  2.5 -3 3
  2 -3 3
CD 0.8 0.8 0.8
ID
PG
  2 -2.5 3
  2 -2 3
  2.5 -2 3
  2.5 -2.5 3
  2 -2.5 3
CD 0.8 0.8 0.8
ID
PG
  2 -2 3
  2 -1.5 3
  2.5 -1.5 3
  2.5 -2 3
  2 -2 3
CD 0.8 0.8 0.8
ID
PG
  2 -1.5 3
  2 -1 3
  2.5 -1 3
  2.5 -1.5 3
  2 -1.5 3
CD 0.8 0.8 0.8
ID
PG
  2 -1 3
  2 -0.5 3
  2.5 -0.5 3
  2.5 -1 3
  2 -1 3
CD 0.8 0.8 0.8
ID
PG
  2 -0.5 3
  2 0 3
  2.5 0 3
  2.5 -0.5 3
  2 -0.5 3
CD 0.8 0.8 0.8
ID
PG
  2 0 3
  2 0.5 3
  2.5 0.5 3
  2.5 0 3
  2 0 3
CD 0.8 0.8 0.8
ID
PG
  2 0.5 3
  2 1 3
  2.5 1 3
  2.5 0.5 3
  2 0.5 3
CD 0.8 0.8 0.8
ID
PG
  2 1 3
  2 1.5 3
  2.5 1.5 3
  2.5 1 3
  2 1 3
CD 0.8 0.8 0.8
ID
PG
  2 1.5 3
  2 2 3
  2.5 2 3
  2.5 1.5 3
  2 1.5 3
CD 0.8 0.8 0.8
ID
PG
  2 2 3
  2 2.5 3
  2.5 2.5 3
  2.5 2 3
  2 2 3
CD 0.8 0.8 0.8
ID
PG
  2 2.5 3
  2 3 3
  2.5 3 3
  2.5 2.5 3
  2 2.5 3
CD 0.8 0.8 0.8
ID
FI
ID
OC
PG
  2.5 -3 3
  2.5 -2.5 3
  3 -2.5 3
  3 -3 3
  2.5 -3 3
CD 0.8 0.8 0.8
ID
PG
  2.5 -2.5 3
  2.5 -2 3
  3 -2 3
  3 -2.5 3
  2.5 -2.5 3
CD 0.8 0.8 0.8
ID
PG
  2.5 -2 3
  2.5 -1.5 3
  3 -1.5 3
  3 -2 3
  2.5 -2 3
CD 0.8 0.8 0.8
ID
PG
  2.5 -1.5 3
  2.5 -1 3
  3 -1 3
  3 -1.5 3
  2.5 -1.5 3
CD 0.8 0.8 0.8
ID
PG
  2.5 -1 3
  2.5 -0.5 3
  3 -0.5 3
  3 -1 3
  2.5 -1 3
CD 0.8 0.8 0.8
ID
PG
  2.5 -0.5 3
  2.5 0 3
  3 0 3
  3 -0.5 3
  2.5 -0.5 3
CD 0.8 0.8 0.8
ID
PG
  2.5 0 3
  2.5 0.5 3
  3 0.5 3
  3 0 3
  2.5 0 3
CD 0.8 0.8 0.8
ID
PG
  2.5 0.5 3
  2.5 1 3
  3 1 3
  3 0.5 3
  2.5 0.5 3
CD 0.8 0.8 0.8
ID
PG
  2.5 1 3
  2.5 1.5 3
  3 1.5 3
  3 1 3
  2.5 1 3
CD 0.8 0.8 0.8
ID
PG
  2.5 1.5 3
  2.5 2 3
  3 2 3
  3 1.5 3
  2.5 1.5 3
CD 0.8 0.8 0.8
ID
PG
  2.5 2 3
  2.5 2.5 3
  3 2.5 3
  3 2 3
  2.5 2 3
CD 0.8 0.8 0.8
ID
PG
  2.5 2.5 3
  2.5 3 3
  3 3 3
  3 2.5 3
  2.5 2.5 3
CD 0.8 0.8 0.8
ID
FI
ID
FI
ID
OC
OC
PG
  -3 -3 -3
  -2.5 -3 -3
  -2.5 -2.5 -3
  -3 -2.5 -3
  -3 -3 -3
CD 0.8 0.8 0.8
ID
PG
  -3 -2.5 -3
  -2.5 -2.5 -3
  -2.5 -2 -3
  -3 -2 -3
  -3 -2.5 -3
CD 0.8 0.8 0.8
ID
PG
  -3 -2 -3
  -2.5 -2 -3
  -2.5 -1.5 -3
  -3 -1.5 -3
  -3 -2 -3
CD 0.8 0.8 0.8
ID
PG
  -3 -1.5 -3
  -2.5 -1.5 -3
  -2.5 -1 -3
  -3 -1 -3
  -3 -1.5 -3
CD 0.8 0.8 0.8
ID
PG
  -3 -1 -3
  -2.5 -1 -3
  -2.5 -0.5 -3
  -3 -0.5 -3
  -3 -1 -3
CD 0.8 0.8 0.8
ID
PG
  -3 -0.5 -3
  -2.5 -0.5 -3
  -2.5 0 -3
  -3 0 -3
  -3 -0.5 -3
CD 0.8 0.8 0.8
ID
PG
  -3 0 -3
  -2.5 0 -3
  -2.5 0.5 -3
  -3 0.5 -3
  -3 0 -3
CD 0.8 0.8 0.8
ID
PG
  -3 0.5 -3
  -2.5 0.5 -3
  -2.5 1 -3
  -3 1 -3
  -3 0.5 -3
CD 0.8 0.8 0.8
ID
PG
  -3 1 -3
  -2.5 1 -3
  -2.5 1.5 -3
  -3 1.5 -3
  -3 1 -3
CD 0.8 0.8 0.8
ID
PG
  -3 1.5 -3
  -2.5 1.5 -3
  -2.5 2 -3
  -3 2 -3
  -3 1.5 -3
CD 0.8 0.8 0.8
ID
PG
  -3 2 -3
  -2.5 2 -3
  -2.5 2.5 -3
  -3 2.5 -3
  -3 2 -3
CD 0.8 0.8 0.8
ID
PG
  -3 2.5 -3
  -2.5 2.5 -3
  -2.5 3 -3
  -3 3 -3
  -3 2.5 -3
CD 0.8 0.8 0.8
ID
FI
ID
OC
PG
  -2.5 -3 -3
  -2 -3 -3
  -2 -2.5 -3
  -2.5 -2.5 -3
  -2.5 -3 -3
CD 0.8 0.8 0.8
ID
PG
  -2.5 -2.5 -3
  -2 -2.5 -3
  -2 -2 -3
  -2.5 -2 -3
  -2.5 -2.5 -3
CD 0.8 0.8 0.8
ID
PG
  -2.5 -2 -3
  -2 -2 -3
  -2 -1.5 -3
  -2.5 -1.5 -3
  -2.5 -2 -3
CD 0.8 0.8 0.8
ID
PG
  -2.5 -1.5 -3
  -2 -1.5 -3
  -2 -1 -3
  -2.5 -1 -3
  -2.5 -1.5 -3
CD 0.8 0.8 0.8
ID
PG
  -2.5 -1 -3
  -2 -1 -3
  -2 -0.5 -3
  -2.5 -0.5 -3
  -2.5 -1 -3
CD 0.8 0.8 0.8
ID
PG
  -2.5 -0.5 -3
  -2 -0.5 -3
  -2 0 -3
  -2.5 0 -3
  -2.5 -0.5 -3
CD 0.8 0.8 0.8
ID
PG
  -2.5 0 -3
  -2 0 -3
  -2 0.5 -3
  -2.5 0.5 -3
  -2.5 0 -3
CD 0.8 0.8 0.8
ID
PG
  -2.5 0.5 -3
  -2 0.5 -3
  -2 1 -3
  -2.5 1 -3
  -2.5 0.5 -3
CD 0.8 0.8 0.8
ID
PG
  -2.5 1 -3
  -2 1 -3
  -2 1.5 -3
  -2.5 1.5 -3
  -2.5 1 -3
CD 0.8 0.8 0.8
ID
PG
  -2.5 1.5 -3
  -2 1.5 -3
  -2 2 -3
  -2.5 2 -3
  -2.5 1.5 -3
CD 0.8 0.8 0.8
ID
PG
  -2.5 2 -3
  -2 2 -3
  -2 2.5 -3
  -2.5 2.5 -3
  -2.5 2 -3
CD 0.8 0.8 0.8
ID
PG
  -2.5 2.5 -3
  -2 2.5 -3
  -2 3 -3
  -2.5 3 -3
  -2.5 2.5 -3
CD 0.8 0.8 0.8
ID
FI
ID
OC
PG
  -2 -3 -3
  -1.5 -3 -3
  -1.5 -2.5 -3
  -2 -2.5 -3
  -2 -3 -3
CD 0.8 0.8 0.8
ID
PG
  -2 -2.5 -3
  -1.5 -2.5 -3
  -1.5 -2 -3
  -2 -2 -3
  -2 -2.5 -3
CD 0.8 0.8 0.8
ID
PG
  -2 -2 -3
  -1.5 -2 -3
  -1.5 -1.5 -3
  -2 -1.5 -3
  -2 -2 -3
CD 0.8 0.8 0.8
ID
PG
  -2 -1.5 -3
  -1.5 -1.5 -3
  -1.5 -1 -3
  -2 -1 -3
  -2 -1.5 -3
CD 0.8 0.8 0.8
ID
PG
  -2 -1 -3
  -1.5 -1 -3
  -1.5 -0.5 -3
  -2 -0.5 -3
  -2 -1 -3
CD 0.8 0.8 0.8
ID
PG
  -2 -0.5 -3
  -1.5 -0.5 -3
  -1.5 0 -3
  -2 0 -3
  -2 -0.5 -3
CD 0.8 0.8 0.8
ID
PG
  -2 0 -3
  -1.5 0 -3
  -1.5 0.5 -3
  -2 0.5 -3
  -2 0 -3
CD 0.8 0.8 0.8
ID
PG
  -2 0.5 -3
  -1.5 0.5 -3
  -1.5 1 -3
  -2 1 -3
  -2 0.5 -3
CD 0.8 0.8 0.8
ID
PG
  -2 1 -3
  -1.5 1 -3
  -1.5 1.5 -3
  -2 1.5 -3
  -2 1 -3
CD 0.8 0.8 0.8
ID
PG
  -2 1.5 -3
  -1.5 1.5 -3
  -1.5 2 -3
  -2 2 -3
  -2 1.5 -3
CD 0.8 0.8 0.8
ID
PG
  -2 2 -3
  -1.5 2 -3
  -1.5 2.5 -3
  -2 2.5 -3
  -2 2 -3
CD 0.8 0.8 0.8
ID
PG
  -2 2.5 -3
  -1.5 2.5 -3
  -1.5 3 -3
  -2 3 -3
  -2 2.5 -3
CD 0.8 0.8 0.8
ID
FI
ID
OC
PG
  -1.5 -3 -3
  -1 -3 -3
  -1 -2.5 -3
  -1.5 -2.5 -3
  -1.5 -3 -3
CD 0.8 0.8 0.8
ID
PG
  -1.5 -2.5 -3
  -1 -2.5 -3
  -1 -2 -3
  -1.5 -2 -3
  -1.5 -2.5 -3
CD 0.8 0.8 0.8
ID
PG
  -1.5 -2 -3
  -1 -2 -3
  -1 -1.5 -3
  -1.5 -1.5 -3
  -1.5 -2 -3
CD 0.8 0.8 0.8
ID
PG
  -1.5 -1.5 -3
  -1 -1.5 -3
  -1 -1 -3
  -1.5 -1 -3
  -1.5 -1.5 -3
CD 0.8 0.8 0.8
ID
PG
  -1.5 -1 -3
  -1 -1 -3
  -1 -0.5 -3
  -1.5 -0.5 -3
  -1.5 -1 -3
CD 0.8 0.8 0.8
ID
PG
  -1.5 -0.5 -3
  -1 -0.5 -3
  -1 0 -3
  -1.5 0 -3
  -1.5 -0.5 -3
CD 0.8 0.8 0.8
ID
PG
  -1.5 0 -3
  -1 0 -3
  -1 0.5 -3
  -1.5 0.5 -3
  -1.5 0 -3
CD 0.8 0.8 0.8
ID
PG
  -1.5 0.5 -3
  -1 0.5 -3
  -1 1 -3
  -1.5 1 -3
  -1.5 0.5 -3
CD 0.8 0.8 0.8
ID
PG
  -1.5 1 -3
  -1 1 -3
  -1 1.5 -3
  -1.5 1.5 -3
  -1.5 1 -3
CD 0.8 0.8 0.8
ID
PG
  -1.5 1.5 -3
  -1 1.5 -3
  -1 2 -3
  -1.5 2 -3
  -1.5 1.5 -3
CD 0.8 0.8 0.8
ID
PG
  -1.5 2 -3
  -1 2 -3
  -1 2.5 -3
  -1.5 2.5 -3
  -1.5 2 -3
CD 0.8 0.8 0.8
ID
PG
  -1.5 2.5 -3
  -1 2.5 -3
  -1 3 -3
  -1.5 3 -3
  -1.5 2.5 -3
CD 0.8 0.8 0.8
ID
FI
ID
OC
PG
  -1 -3 -3
  -0.5 -3 -3
  -0.5 -2.5 -3
  -1 -2.5 -3
  -1 -3 -3
CD 0.8 0.8 0.8
ID
PG
  -1 -2.5 -3
  -0.5 -2.5 -3
  -0.5 -2 -3
  -1 -2 -3
  -1 -2.5 -3
CD 0.8 0.8 0.8
ID
PG
  -1 -2 -3
  -0.5 -2 -3
  -0.5 -1.5 -3
  -1 -1.5 -3
  -1 -2 -3
CD 0.8 0.8 0.8
ID
PG
  -1 -1.5 -3
  -0.5 -1.5 -3
  -0.5 -1 -3
  -1 -1 -3
  -1 -1.5 -3
CD 0.8 0.8 0.8
ID
PG
  -1 -1 -3
  -0.5 -1 -3
  -0.5 -0.5 -3
  -1 -0.5 -3
  -1 -1 -3
CD 0.8 0.8 0.8
ID
PG
  -1 -0.5 -3
  -0.5 -0.5 -3
  -0.5 0 -3
  -1 0 -3
  -1 -0.5 -3
CD 0.8 0.8 0.8
ID
PG
  -1 0 -3
  -0.5 0 -3
  -0.5 0.5 -3
  -1 0.5 -3
  -1 0 -3
CD 0.8 0.8 0.8
ID
PG
  -1 0.5 -3
  -0.5 0.5 -3
  -0.5 1 -3
  -1 1 -3
  -1 0.5 -3
CD 0.8 0.8 0.8
ID
PG
  -1 1 -3
  -0.5 1 -3
  -0.5 1.5 -3
  -1 1.5 -3
  -1 1 -3
CD 0.8 0.8 0.8
ID
PG
  -1 1.5 -3
  -0.5 1.5 -3
  -0.5 2 -3
  -1 2 -3
  -1 1.5 -3
CD 0.8 0.8 0.8
ID
PG
  -1 2 -3
  -0.5 2 -3
  -0.5 2.5 -3
  -1 2.5 -3
  -1 2 -3
CD 0.8 0.8 0.8
ID
PG
  -1 2.5 -3
  -0.5 2.5 -3
  -0.5 3 -3
  -1 3 -3
  -1 2.5 -3
CD 0.8 0.8 0.8
ID
FI
ID
OC
PG
  -0.5 -3 -3
  0 -3 -3
  0 -2.5 -3
  -0.5 -2.5 -3
  -0.5 -3 -3
CD 0.8 0.8 0.8
ID
PG
  -0.5 -2.5 -3
  0 -2.5 -3
  0 -2 -3
  -0.5 -2 -3
  -0.5 -2.5 -3
CD 0.8 0.8 0.8
ID
PG
  -0.5 -2 -3
  0 -2 -3
  0 -1.5 -3
  -0.5 -1.5 -3
  -0.5 -2 -3
CD 0.8 0.8 0.8
ID
PG
  -0.5 -1.5 -3
  0 -1.5 -3
  0 -1 -3
  -0.5 -1 -3
  -0.5 -1.5 -3
CD 0.8 0.8 0.8
ID
PG
  -0.5 -1 -3
  0 -1 -3
  0 -0.5 -3
  -0.5 -0.5 -3
  -0.5 -1 -3
CD 0.8 0.8 0.8
ID
PG
  -0.5 -0.5 -3
  0 -0.5 -3
  0 0 -3
  -0.5 0 -3
  -0.5 -0.5 -3
CD 0.8 0.8 0.8
ID
PG
  -0.5 0 -3
  0 0 -3
  0 0.5 -3
  -0.5 0.5 -3
  -0.5 0 -3
CD 0.8 0.8 0.8
ID
PG
  -0.5 0.5 -3
  0 0.5 -3
  0 1 -3
  -0.5 1 -3
  -0.5 0.5 -3
CD 0.8 0.8 0.8
ID
PG
  -0.5 1 -3
  0 1 -3
  0 1.5 -3
  -0.5 1.5 -3
  -0.5 1 -3
CD 0.8 0.8 0.8
ID
PG
  -0.5 1.5 -3
  0 1.5 -3
  0 2 -3
  -0.5 2 -3
  -0.5 1.5 -3
CD 0.8 0.8 0.8
ID
PG
  -0.5 2 -3
  0 2 -3
  0 2.5 -3
  -0.5 2.5 -3
  -0.5 2 -3
CD 0.8 0.8 0.8
ID
PG
  -0.5 2.5 -3
  0 2.5 -3
  0 3 -3
  -0.5 3 -3
  -0.5 2.5 -3
CD 0.8 0.8 0.8
ID
FI
ID
OC
PG
  0 -3 -3
  0.5 -3 -3
  0.5 -2.5 -3
  0 -2.5 -3
  0 -3 -3
CD 0.8 0.8 0.8
ID
PG
  0 -2.5 -3
  0.5 -2.5 -3
  0.5 -2 -3
  0 -2 -3
  0 -2.5 -3
CD 0.8 0.8 0.8
ID
PG
  0 -2 -3
  0.5 -2 -3
  0.5 -1.5 -3
  0 -1.5 -3
  0 -2 -3
CD 0.8 0.8 0.8
ID
PG
  0 -1.5 -3
  0.5 -1.5 -3
  0.5 -1 -3
  0 -1 -3
  0 -1.5 -3
CD 0.8 0.8 0.8
ID
PG
  0 -1 -3
  0.5 -1 -3
  0.5 -0.5 -3
  0 -0.5 -3
  0 -1 -3
CD 0.8 0.8 0.8
ID
PG
  0 -0.5 -3
  0.5 -0.5 -3
  0.5 0 -3
  0 0 -3
  0 -0.5 -3
CD 0.8 0.8 0.8
ID
PG
  0 0 -3
  0.5 0 -3
  0.5 0.5 -3
  0 0.5 -3
  0 0 -3
CD 0.8 0.8 0.8
ID
PG
  0 0.5 -3
  0.5 0.5 -3
  0.5 1 -3
  0 1 -3
  0 0.5 -3
CD 0.8 0.8 0.8
ID
PG
  0 1 -3
  0.5 1 -3
  0.5 1.5 -3
  0 1.5 -3
  0 1 -3
CD 0.8 0.8 0.8
ID
PG
  0 1.5 -3
  0.5 1.5 -3
  0.5 2 -3
  0 2 -3
  0 1.5 -3
CD 0.8 0.8 0.8
ID
PG
  0 2 -3
  0.5 2 -3
  0.5 2.5 -3
  0 2.5 -3
  0 2 -3
CD 0.8 0.8 0.8
ID
PG
  0 2.5 -3
  0.5 2.5 -3
  0.5 3 -3
  0 3 -3
  0 2.5 -3
CD 0.8 0.8 0.8
ID
FI
ID
OC
PG
  0.5 -3 -3
  1 -3 -3
  1 -2.5 -3
  0.5 -2.5 -3
  0.5 -3 -3
CD 0.8 0.8 0.8
ID
PG
  0.5 -2.5 -3
  1 -2.5 -3
  1 -2 -3
  0.5 -2 -3
  0.5 -2.5 -3
CD 0.8 0.8 0.8
ID
PG
  0.5 -2 -3
  1 -2 -3
  1 -1.5 -3
  0.5 -1.5 -3
  0.5 -2 -3
CD 0.8 0.8 0.8
ID
PG
  0.5 -1.5 -3
  1 -1.5 -3
  1 -1 -3
  0.5 -1 -3
  0.5 -1.5 -3
CD 0.8 0.8 0.8
ID
PG
  0.5 -1 -3
  1 -1 -3
  1 -0.5 -3
  0.5 -0.5 -3
  0.5 -1 -3
CD 0.8 0.8 0.8
ID
PG
  0.5 -0.5 -3
  1 -0.5 -3
  1 0 -3
  0.5 0 -3
  0.5 -0.5 -3
CD 0.8 0.8 0.8
ID
PG
  0.5 0 -3
  1 0 -3
  1 0.5 -3
  0.5 0.5 -3
  0.5 0 -3
CD 0.8 0.8 0.8
ID
PG
  0.5 0.5 -3
  1 0.5 -3
  1 1 -3
  0.5 1 -3
  0.5 0.5 -3
CD 0.8 0.8 0.8
ID
PG
  0.5 1 -3
  1 1 -3
  1 1.5 -3
  0.5 1.5 -3
  0.5 1 -3
CD 0.8 0.8 0.8
ID
PG
  0.5 1.5 -3
  1 1.5 -3
  1 2 -3
  0.5 2 -3
  0.5 1.5 -3
CD 0.8 0.8 0.8
ID
PG
  0.5 2 -3
  1 2 -3
  1 2.5 -3
  0.5 2.5 -3
  0.5 2 -3
CD 0.8 0.8 0.8
ID
PG
  0.5 2.5 -3
  1 2.5 -3
  1 3 -3
  0.5 3 -3
  0.5 2.5 -3
CD 0.8 0.8 0.8
ID
FI
ID
OC
PG
  1 -3 -3
  1.5 -3 -3
  1.5 -2.5 -3
  1 -2.5 -3
  1 -3 -3
CD 0.8 0.8 0.8
ID
PG
  1 -2.5 -3
  1.5 -2.5 -3
  1.5 -2 -3
  1 -2 -3
  1 -2.5 -3
CD 0.8 0.8 0.8
ID
PG
  1 -2 -3
  1.5 -2 -3
  1.5 -1.5 -3
  1 -1.5 -3
  1 -2 -3
CD 0.8 0.8 0.8
ID
PG
  1 -1.5 -3
  1.5 -1.5 -3
  1.5 -1 -3
  1 -1 -3
  1 -1.5 -3
CD 0.8 0.8 0.8
ID
PG
  1 -1 -3
  1.5 -1 -3
  1.5 -0.5 -3
  1 -0.5 -3
  1 -1 -3
CD 0.8 0.8 0.8
ID
PG
  1 -0.5 -3
  1.5 -0.5 -3
  1.5 0 -3
  1 0 -3
  1 -0.5 -3
CD 0.8 0.8 0.8
ID
PG
  1 0 -3
  1.5 0 -3
  1.5 0.5 -3
  1 0.5 -3
  1 0 -3
CD 0.8 0.8 0.8
ID
PG
  1 0.5 -3
  1.5 0.5 -3
  1.5 1 -3
  1 1 -3
  1 0.5 -3
CD 0.8 0.8 0.8
ID
PG
  1 1 -3
  1.5 1 -3
  1.5 1.5 -3
  1 1.5 -3
  1 1 -3
CD 0.8 0.8 0.8
ID
PG
  1 1.5 -3
  1.5 1.5 -3
  1.5 2 -3
  1 2 -3
  1 1.5 -3
CD 0.8 0.8 0.8
ID
PG
  1 2 -3
  1.5 2 -3
  1.5 2.5 -3
  1 2.5 -3
  1 2 -3
CD 0.8 0.8 0.8
ID
PG
  1 2.5 -3
  1.5 2.5 -3
  1.5 3 -3
  1 3 -3
  1 2.5 -3
CD 0.8 0.8 0.8
ID
FI
ID
OC
PG
  1.5 -3 -3
  2 -3 -3
  2 -2.5 -3
  1.5 -2.5 -3
  1.5 -3 -3
CD 0.8 0.8 0.8
ID
PG
  1.5 -2.5 -3
  2 -2.5 -3
  2 -2 -3
  1.5 -2 -3
  1.5 -2.5 -3
CD 0.8 0.8 0.8
ID
PG
  1.5 -2 -3
  2 -2 -3
  2 -1.5 -3
  1.5 -1.5 -3
  1.5 -2 -3
CD 0.8 0.8 0.8
ID
PG
  1.5 -1.5 -3
  2 -1.5 -3
  2 -1 -3
  1.5 -1 -3
  1.5 -1.5 -3
CD 0.8 0.8 0.8
ID
PG
  1.5 -1 -3
  2 -1 -3
  2 -0.5 -3
  1.5 -0.5 -3
  1.5 -1 -3
CD 0.8 0.8 0.8
ID
PG
  1.5 -0.5 -3
  2 -0.5 -3
  2 0 -3
  1.5 0 -3
  1.5 -0.5 -3
CD 0.8 0.8 0.8
ID
PG
  1.5 0 -3
  2 0 -3
  2 0.5 -3
  1.5 0.5 -3
  1.5 0 -3
CD 0.8 0.8 0.8
ID
PG
  1.5 0.5 -3
  2 0.5 -3
  2 1 -3
  1.5 1 -3
  1.5 0.5 -3
CD 0.8 0.8 0.8
ID
PG
  1.5 1 -3
  2 1 -3
  2 1.5 -3
  1.5 1.5 -3
  1.5 1 -3
CD 0.8 0.8 0.8
ID
PG
  1.5 1.5 -3
  2 1.5 -3
  2 2 -3
  1.5 2 -3
  1.5 1.5 -3
CD 0.8 0.8 0.8
ID
PG
  1.5 2 -3
  2 2 -3
  2 2.5 -3
  1.5 2.5 -3
  1.5 2 -3
CD 0.8 0.8 0.8
ID
PG
  1.5 2.5 -3
  2 2.5 -3
  2 3 -3
  1.5 3 -3
  1.5 2.5 -3
CD 0.8 0.8 0.8
ID
FI
ID
OC
PG
  2 -3 -3
  2.5 -3 -3
  2.5 -2.5 -3
  2 -2.5 -3
  2 -3 -3
CD 0.8 0.8 0.8
ID
PG
  2 -2.5 -3
  2.5 -2.5 -3
  2.5 -2 -3
  2 -2 -3
  2 -2.5 -3
CD 0.8 0.8 0.8
ID
PG
  2 -2 -3
  2.5 -2 -3
  2.5 -1.5 -3
  2 -1.5 -3
  2 -2 -3
CD 0.8 0.8 0.8
ID
PG
  2 -1.5 -3
  2.5 -1.5 -3
  2.5 -1 -3
  2 -1 -3
  2 -1.5 -3
CD 0.8 0.8 0.8
ID
PG
  2 -1 -3
  2.5 -1 -3
  2.5 -0.5 -3
  2 -0.5 -3
  2 -1 -3
CD 0.8 0.8 0.8
ID
PG
  2 -0.5 -3
  2.5 -0.5 -3
  2.5 0 -3
  2 0 -3
  2 -0.5 -3
CD 0.8 0.8 0.8
ID
PG
  2 0 -3
  2.5 0 -3
  2.5 0.5 -3
  2 0.5 -3
  2 0 -3
CD 0.8 0.8 0.8
ID
PG
  2 0.5 -3
  2.5 0.5 -3
  2.5 1 -3
  2 1 -3
  2 0.5 -3
CD 0.8 0.8 0.8
ID
PG
  2 1 -3
  2.5 1 -3
  2.5 1.5 -3
  2 1.5 -3
  2 1 -3
CD 0.8 0.8 0.8
ID
PG
  2 1.5 -3
  2.5 1.5 -3
  2.5 2 -3
  2 2 -3
  2 1.5 -3
CD 0.8 0.8 0.8
ID
PG
  2 2 -3
  2.5 2 -3
  2.5 2.5 -3
  2 2.5 -3
  2 2 -3
CD 0.8 0.8 0.8
ID
PG
  2 2.5 -3
  2.5 2.5 -3
  2.5 3 -3
  2 3 -3
  2 2.5 -3
CD 0.8 0.8 0.8
ID
FI
ID
OC
PG
  2.5 -3 -3
  3 -3 -3
  3 -2.5 -3
  2.5 -2.5 -3
  2.5 -3 -3
CD 0.8 0.8 0.8
ID
PG
  2.5 -2.5 -3
  3 -2.5 -3
  3 -2 -3
  2.5 -2 -3
  2.5 -2.5 -3
CD 0.8 0.8 0.8
ID
PG
  2.5 -2 -3
  3 -2 -3
  3 -1.5 -3
  2.5 -1.5 -3
  2.5 -2 -3
CD 0.8 0.8 0.8
ID
PG
  2.5 -1.5 -3
  3 -1.5 -3
  3 -1 -3
  2.5 -1 -3
  2.5 -1.5 -3
CD 0.8 0.8 0.8
ID
PG
  2.5 -1 -3
  3 -1 -3
  3 -0.5 -3
  2.5 -0.5 -3
  2.5 -1 -3
CD 0.8 0.8 0.8
ID
PG
  2.5 -0.5 -3
  3 -0.5 -3
  3 0 -3
  2.5 0 -3
  2.5 -0.5 -3
CD 0.8 0.8 0.8
ID
PG
  2.5 0 -3
  3 0 -3
  3 0.5 -3
  2.5 0.5 -3
  2.5 0 -3
CD 0.8 0.8 0.8
ID
PG
  2.5 0.5 -3
  3 0.5 -3
  3 1 -3
  2.5 1 -3
  2.5 0.5 -3
CD 0.8 0.8 0.8
ID
PG
  2.5 1 -3
  3 1 -3
  3 1.5 -3
  2.5 1.5 -3
  2.5 1 -3
CD 0.8 0.8 0.8
ID
PG
  2.5 1.5 -3
  3 1.5 -3
  3 2 -3
  2.5 2 -3
  2.5 1.5 -3
CD 0.8 0.8 0.8
ID
PG
  2.5 2 -3
  3 2 -3
  3 2.5 -3
  2.5 2.5 -3
  2.5 2 -3
CD 0.8 0.8 0.8
ID
PG
  2.5 2.5 -3
  3 2.5 -3
  3 3 -3
  2.5 3 -3
  2.5 2.5 -3
CD 0.8 0.8 0.8
ID
FI
ID
FI
ID
