OC

OC
\patte
FI
TR -1.6 0 -1.6
ID


OC
\patte
FI
TR -1.6 0 1.6
ID


OC
\patte
FI
TR 1.6 0 -1.6
ID


OC
\patte
FI
TR 1.6 0 1.6
ID


{// Plateforme}
OC
QD 3 3
-2.25 2 -2.25
2.25 2 -2.25
2.25 2 2.25
-2.25 2 2.25
ID

QD 4 4
-2.25 2.2 -2.25
-2.25 2.2 2.25
2.25 2.2 2.25
2.25 2.2 -2.25
ID

QD 3 1
-2.25 2 -2.25
-2.25 2 2.25
-2.25 2.2 2.25
-2.25 2.2 -2.25
ID
QD 3 1
-2.25 2 2.25
2.25 2 2.25
2.25 2.2 2.25
-2.25 2.2 2.25
ID
QD 3 1
2.25 2 2.25
2.25 2 -2.25
2.25 2.2 -2.25
2.25 2.2 2.25
ID
QD 3 1
2.25 2 -2.25
-2.25 2 -2.25
-2.25 2.2 -2.25
2.25 2.2 -2.25
ID
FI
{//TX BOIS FONCE 0.54 0.27 0.0742 PALE 0.59 0.40 0.20 RAYON 0.12 TURB 0.3 FTX}
ID

FI
CD 0.8 0.4 0
HO 0 0 0 0 1 0 1.6
HO 0 0 0 1 0 0 1.5
HO 0 0 0 0 0 1 1.5
ID
